6.24788549309402e-09
2.70989391694475e-09
1.20878697496282e-10
1.41026079488957e-08
1.2397067632293e-08
4.48224304769179e-09
3.11559730499582e-10
1.06565802620603e-09
1.6706527225423e-10
2.13177298757221e-09
1.00191908043315e-09
2.83779290578783e-09
1.0498284212129e-10
8.4905855962849e-08
3.66652555728182e-10
1.03319214180137e-09
3.38019773241045e-09
3.7608761599994e-10
1.14868796037925e-09
2.83614632886096e-09
3.03956801559529e-09
3.43557735931721e-10
2.10548474939523e-09
4.78757819176445e-10
3.13398411164226e-09
4.57459643897722e-10
1.26212809239555e-10
7.47208105553408e-10
5.85415717952061e-10
3.84716791714101e-10
1.05300633547341e-08
9.58505558386471e-10
1.1734667799956e-09
4.20810834245171e-09
2.71439445002197e-10
5.29239966931693e-09
7.37085166481717e-10
6.88711981228584e-09
2.50192483400426e-10
2.14220060027622e-10
8.24847916837693e-10
2.12806919789088e-09
9.69908068086778e-10
4.97882635035811e-10
4.9023347894548e-09
3.47157271209691e-09
5.53490382459474e-09
4.17550535805476e-09
2.52389987232356e-09
4.73111415014391e-11
3.52333165080399e-09
4.04821049570834e-10
3.63656981086424e-09
1.47265271713726e-10
2.28707518797448e-11
2.91082243746507e-10
2.96918870002878e-10
1.17227907412274e-09
2.82286792757074e-09
3.50746352007425e-09
4.24110965680781e-11
5.78748596244509e-10
1.96025722632666e-09
7.69461736748842e-10
5.0189374966501e-09
4.82820888260959e-10
7.29176675760305e-09
6.53505376382447e-11
5.04816450819613e-09
3.17388086495809e-09
2.11989280612631e-10
4.35542661108351e-10
3.81288776757487e-10
1.01150119984509e-09
6.75254418310978e-10
2.98875728764867e-09
3.42084694547836e-10
1.47267373660795e-09
2.31867120035321e-10
1.27114080387029e-10
2.08723530286886e-10
5.34397693326774e-10
7.20707475826275e-11
2.36634869540338e-08
9.35290296594935e-10
3.6131673001846e-10
5.4466454242897e-10
9.47954202403223e-11
1.6649403476969e-09
1.31652809510539e-09
7.51675694326669e-10
3.63190302405369e-10
6.31758780802866e-10
5.11198929939359e-11
5.30422983701348e-10
1.92271081604684e-10
9.1379244072054e-10
3.1825042518372e-09
9.7032687684197e-08
6.42581987180798e-10
