1.14661399841189e-05
1.35539680835249e-05
2.2828705259061e-05
8.17320728804785e-05
0.000100978053711239
1.05102332281823e-05
7.31943122257855e-05
7.5184351795994e-05
0.000117439354887
0.000104181279207608
2.27748297787896e-05
3.29397148557119e-05
3.33982276349435e-05
7.17086393817306e-05
0.000100624726931743
8.51059431532238e-05
3.63864921187164e-05
0.000132641551660567
4.67063580749024e-05
7.90216805429171e-06
0.000207059194079831
4.83841831732547e-05
0.00020760203339694
6.51468153347603e-05
4.62254366479522e-05
0.00011281414801203
5.73747895837471e-05
3.2516818103731e-05
5.38139973615006e-05
8.04073579025866e-05
7.91699634449839e-05
6.25762685162518e-05
9.46817071975951e-05
0.000103930302517377
2.88184339218223e-05
3.19410651984919e-05
1.42416221654133e-05
7.9574287167462e-05
1.87521367831559e-05
0.000124641044435067
9.61749676324038e-05
0.000124659661679654
4.35055489048964e-05
4.58336423963531e-05
4.70432699199864e-05
5.8692712076941e-06
2.67033150535281e-05
9.40304098422905e-05
2.96634244852393e-05
4.54791766364067e-05
1.82570482417414e-05
9.64078395080461e-05
0.000127442889727227
2.64360878288648e-05
0.000143720427248098
4.77905172428618e-05
2.76933382612188e-05
1.73704069256134e-05
1.17138823162153e-05
7.52188345393476e-05
5.46384679987678e-05
5.94329957784346e-05
2.32042728333255e-05
2.79972051159764e-05
1.4786721039768e-05
0.000215929668390032
1.17150137933341e-05
6.60329472223317e-05
5.31457793725125e-05
5.90658618003477e-05
6.08422647285982e-05
6.10643107067069e-05
5.46525759716878e-05
7.43136806729943e-05
4.92848578064319e-05
3.30437383685335e-06
0.000144557299124338
0.000113536331667807
0.000157758715527939
2.28608675836977e-07
4.72432489718702e-05
2.95206699263066e-05
0.000350825905743877
1.89170539478085e-05
1.4274590294462e-05
1.49077464841247e-05
0.000249057972240847
5.50206311284683e-05
1.10806955891497e-05
0.000195838844197693
0.000132083849603776
0.000120080503219561
6.93278106941989e-05
5.77567617573058e-05
1.78828602725241e-05
0.000134769571665321
1.41643858979128e-05
3.70878437648134e-05
2.22517639014637e-05
3.09833568977287e-05
