1.1122265194487e-07
1.10097776683409e-05
5.93251708554249e-07
8.17023448521262e-10
7.00272733109413e-09
5.98931026565441e-06
5.19384157578548e-09
1.00756980581242e-08
1.3575742268216e-06
7.76493520439192e-09
4.54717833283982e-08
2.51839284966084e-08
2.05841768345379e-06
1.21514991048897e-07
1.60136716578581e-06
3.12292915734341e-07
3.79821098303501e-06
9.4902202524732e-09
2.97120770130161e-10
4.91651343925003e-07
4.35935127080799e-08
1.83846055066693e-10
1.72839113763878e-08
4.9033894668219e-07
1.35278251519253e-06
1.01072615137009e-11
1.05167381075454e-07
7.29803640830835e-08
7.00229704461706e-07
4.90276174140656e-09
6.27475823324545e-08
1.57708767728199e-07
1.6457773755553e-08
8.46665233562238e-09
1.62797150458579e-06
9.15144231319146e-09
5.5546958701148e-10
1.09928303857378e-07
4.74114563875694e-08
3.89117241597031e-09
3.19547606276822e-09
1.60844035862436e-06
1.21942983888424e-07
1.71247927357755e-09
1.59669615770746e-07
2.71047474324574e-09
7.15419531387682e-08
2.09332249838191e-09
1.24712899899559e-08
1.61136478573319e-09
6.97888223839821e-09
4.42602526222692e-08
5.81444054630456e-07
2.72066787068071e-09
1.7214600104859e-06
2.38245122660188e-09
2.00484774792019e-06
3.67703097043899e-07
1.85910181107768e-08
4.01120875115558e-07
1.51261053887042e-08
1.44233120856627e-07
4.93882253791134e-09
1.04483939961081e-09
1.2726160236198e-06
1.96606617286343e-08
1.01178199143041e-06
1.74482922049285e-07
5.66512271380233e-10
1.4863748903658e-08
7.06252730250479e-09
7.69439378832279e-09
5.90329107363037e-07
5.26616602087199e-09
1.23959173644496e-06
2.85255915130843e-06
3.32824635353258e-06
4.52854271734083e-07
1.1878908758143e-08
6.76705937575635e-08
5.5437053915142e-07
5.70102000963497e-08
3.49259806728529e-07
1.92164657651695e-09
4.43207427377194e-06
1.00861533990127e-07
1.66939186107821e-06
3.94267111629647e-08
1.58492525812734e-08
2.39985799573265e-05
1.1414413545802e-06
7.18340913658209e-08
1.55315609564662e-06
8.24194914751093e-06
4.13481426143858e-09
8.96369230864999e-10
5.73021007229718e-08
2.39566827515594e-07
1.05954623667451e-07
4.7870838027636e-08
