-1.194551596461658 0.9851592295226992 2.3974922241228542
-0.9859805656627882 0.3304155423947246 1.081332106520712
-0.7774095348639185 -0.32432814473325 0.7095543303634462
-0.7774095348639185 -0.32432814473325 0.7095543303634462
-0.7774095348639185 -0.32432814473325 0.7095543303634462
-0.7774095348639185 -0.32432814473325 0.7095543303634462
-0.7774095348639185 -0.32432814473325 0.7095543303634462
-0.7774095348639185 -0.32432814473325 0.7095543303634462
-0.7774095348639185 -0.32432814473325 0.7095543303634462
-0.7774095348639185 -0.32432814473325 0.7095543303634462
-0.7774095348639185 -0.32432814473325 0.7095543303634462
-0.7774095348639185 -0.32432814473325 0.7095543303634462
-0.7774095348639185 -0.32432814473325 0.7095543303634462
-0.39141882252784505 0.0023922464781162 0.15321441747229672
-0.39141882252784505 0.0023922464781162 0.15321441747229672
-0.39141882252784505 0.0023922464781162 0.15321441747229672
-0.39141882252784505 0.0023922464781162 0.15321441747229672
-0.39141882252784505 0.0023922464781162 0.15321441747229672
-0.39141882252784505 0.0023922464781162 0.15321441747229672
-0.39141882252784505 0.0023922464781162 0.15321441747229672
-0.39141882252784505 0.0023922464781162 0.15321441747229672
-0.39141882252784505 0.0023922464781162 0.15321441747229672
-0.39141882252784505 0.0023922464781162 0.15321441747229672
-0.39141882252784505 0.0023922464781162 0.15321441747229672
-0.39141882252784505 0.0023922464781162 0.15321441747229672
-0.39141882252784505 0.0023922464781162 0.15321441747229672
-0.39141882252784505 0.0023922464781162 0.15321441747229672
-0.39141882252784505 0.0023922464781162 0.15321441747229672
-0.39141882252784505 0.0023922464781162 0.15321441747229672
-0.39141882252784505 0.0023922464781162 0.15321441747229672
-0.39141882252784505 0.0023922464781162 0.15321441747229672
-0.39141882252784505 0.0023922464781162 0.15321441747229672
-0.39141882252784505 0.0023922464781162 0.15321441747229672
-0.39141882252784505 0.0023922464781162 0.15321441747229672
-0.39141882252784505 0.0023922464781162 0.15321441747229672
-0.39141882252784505 0.0023922464781162 0.15321441747229672
-0.39141882252784505 0.0023922464781162 0.15321441747229672
-0.39141882252784505 0.0023922464781162 0.15321441747229672
-0.39141882252784505 0.0023922464781162 0.15321441747229672
-0.39141882252784505 0.0023922464781162 0.15321441747229672
-0.39141882252784505 0.0023922464781162 0.15321441747229672
-0.39141882252784505 0.0023922464781162 0.15321441747229672
-0.39141882252784505 0.0023922464781162 0.15321441747229672
-0.39141882252784505 0.0023922464781162 0.15321441747229672
-0.39141882252784505 0.0023922464781162 0.15321441747229672
-0.39141882252784505 0.0023922464781162 0.15321441747229672
0.019623454975401744 0.001044991640901216 0.0003861719927011729
0.019623454975401744 0.001044991640901216 0.0003861719927011729
0.019623454975401744 0.001044991640901216 0.0003861719927011729
0.019623454975401744 0.001044991640901216 0.0003861719927011729
